{
  "nbformat": 4,
  "nbformat_minor": 0,
  "metadata": {
    "colab": {
      "provenance": []
    },
    "kernelspec": {
      "name": "python3",
      "display_name": "Python 3"
    },
    "language_info": {
      "name": "python"
    },
    "widgets": {
      "application/vnd.jupyter.widget-state+json": {
        "e177e386fec54824858850c16e95188a": {
          "model_module": "@jupyter-widgets/controls",
          "model_name": "HBoxModel",
          "model_module_version": "1.5.0",
          "state": {
            "_view_name": "HBoxView",
            "_dom_classes": [],
            "_model_name": "HBoxModel",
            "_view_module": "@jupyter-widgets/controls",
            "_model_module_version": "1.5.0",
            "_view_count": null,
            "_view_module_version": "1.5.0",
            "box_style": "",
            "layout": "IPY_MODEL_2523f5151ac847678243526d7f7abaa2",
            "_model_module": "@jupyter-widgets/controls",
            "children": [
              "IPY_MODEL_5d8f1f6108034ea7a3f1e196908c75d4",
              "IPY_MODEL_f01b638af5414015b5acf533711ebdb8",
              "IPY_MODEL_f1d37777fee14535a6987aa0f2d96cae"
            ]
          }
        },
        "2523f5151ac847678243526d7f7abaa2": {
          "model_module": "@jupyter-widgets/base",
          "model_name": "LayoutModel",
          "model_module_version": "1.2.0",
          "state": {
            "_view_name": "LayoutView",
            "grid_template_rows": null,
            "right": null,
            "justify_content": null,
            "_view_module": "@jupyter-widgets/base",
            "overflow": null,
            "_model_module_version": "1.2.0",
            "_view_count": null,
            "flex_flow": null,
            "width": null,
            "min_width": null,
            "border": null,
            "align_items": null,
            "bottom": null,
            "_model_module": "@jupyter-widgets/base",
            "top": null,
            "grid_column": null,
            "overflow_y": null,
            "overflow_x": null,
            "grid_auto_flow": null,
            "grid_area": null,
            "grid_template_columns": null,
            "flex": null,
            "_model_name": "LayoutModel",
            "justify_items": null,
            "grid_row": null,
            "max_height": null,
            "align_content": null,
            "visibility": null,
            "align_self": null,
            "height": null,
            "min_height": null,
            "padding": null,
            "grid_auto_rows": null,
            "grid_gap": null,
            "max_width": null,
            "order": null,
            "_view_module_version": "1.2.0",
            "grid_template_areas": null,
            "object_position": null,
            "object_fit": null,
            "grid_auto_columns": null,
            "margin": null,
            "display": null,
            "left": null
          }
        },
        "5d8f1f6108034ea7a3f1e196908c75d4": {
          "model_module": "@jupyter-widgets/controls",
          "model_name": "HTMLModel",
          "model_module_version": "1.5.0",
          "state": {
            "_view_name": "HTMLView",
            "style": "IPY_MODEL_c901bcc1c148475ebb1ce990549319c1",
            "_dom_classes": [],
            "description": "",
            "_model_name": "HTMLModel",
            "placeholder": "​",
            "_view_module": "@jupyter-widgets/controls",
            "_model_module_version": "1.5.0",
            "value": "",
            "_view_count": null,
            "_view_module_version": "1.5.0",
            "description_tooltip": null,
            "_model_module": "@jupyter-widgets/controls",
            "layout": "IPY_MODEL_e540da0485dd49f8a31f45bfbcf5b108"
          }
        },
        "f01b638af5414015b5acf533711ebdb8": {
          "model_module": "@jupyter-widgets/controls",
          "model_name": "FloatProgressModel",
          "model_module_version": "1.5.0",
          "state": {
            "_view_name": "ProgressView",
            "style": "IPY_MODEL_5a15a4918e0e432595482747e880d8bb",
            "_dom_classes": [],
            "description": "",
            "_model_name": "FloatProgressModel",
            "bar_style": "success",
            "max": 170498071,
            "_view_module": "@jupyter-widgets/controls",
            "_model_module_version": "1.5.0",
            "value": 170498071,
            "_view_count": null,
            "_view_module_version": "1.5.0",
            "orientation": "horizontal",
            "min": 0,
            "description_tooltip": null,
            "_model_module": "@jupyter-widgets/controls",
            "layout": "IPY_MODEL_c8bd9e0c10c64cfba4cfc08d08a6dc5f"
          }
        },
        "f1d37777fee14535a6987aa0f2d96cae": {
          "model_module": "@jupyter-widgets/controls",
          "model_name": "HTMLModel",
          "model_module_version": "1.5.0",
          "state": {
            "_view_name": "HTMLView",
            "style": "IPY_MODEL_149f75d1037345909bebd3c48f3edc63",
            "_dom_classes": [],
            "description": "",
            "_model_name": "HTMLModel",
            "placeholder": "​",
            "_view_module": "@jupyter-widgets/controls",
            "_model_module_version": "1.5.0",
            "value": " 170499072/? [00:02&lt;00:00, 67991734.38it/s]",
            "_view_count": null,
            "_view_module_version": "1.5.0",
            "description_tooltip": null,
            "_model_module": "@jupyter-widgets/controls",
            "layout": "IPY_MODEL_768262abdf0a491fac8e35d63957954d"
          }
        },
        "c901bcc1c148475ebb1ce990549319c1": {
          "model_module": "@jupyter-widgets/controls",
          "model_name": "DescriptionStyleModel",
          "model_module_version": "1.5.0",
          "state": {
            "_view_name": "StyleView",
            "_model_name": "DescriptionStyleModel",
            "description_width": "",
            "_view_module": "@jupyter-widgets/base",
            "_model_module_version": "1.5.0",
            "_view_count": null,
            "_view_module_version": "1.2.0",
            "_model_module": "@jupyter-widgets/controls"
          }
        },
        "e540da0485dd49f8a31f45bfbcf5b108": {
          "model_module": "@jupyter-widgets/base",
          "model_name": "LayoutModel",
          "model_module_version": "1.2.0",
          "state": {
            "_view_name": "LayoutView",
            "grid_template_rows": null,
            "right": null,
            "justify_content": null,
            "_view_module": "@jupyter-widgets/base",
            "overflow": null,
            "_model_module_version": "1.2.0",
            "_view_count": null,
            "flex_flow": null,
            "width": null,
            "min_width": null,
            "border": null,
            "align_items": null,
            "bottom": null,
            "_model_module": "@jupyter-widgets/base",
            "top": null,
            "grid_column": null,
            "overflow_y": null,
            "overflow_x": null,
            "grid_auto_flow": null,
            "grid_area": null,
            "grid_template_columns": null,
            "flex": null,
            "_model_name": "LayoutModel",
            "justify_items": null,
            "grid_row": null,
            "max_height": null,
            "align_content": null,
            "visibility": null,
            "align_self": null,
            "height": null,
            "min_height": null,
            "padding": null,
            "grid_auto_rows": null,
            "grid_gap": null,
            "max_width": null,
            "order": null,
            "_view_module_version": "1.2.0",
            "grid_template_areas": null,
            "object_position": null,
            "object_fit": null,
            "grid_auto_columns": null,
            "margin": null,
            "display": null,
            "left": null
          }
        },
        "5a15a4918e0e432595482747e880d8bb": {
          "model_module": "@jupyter-widgets/controls",
          "model_name": "ProgressStyleModel",
          "model_module_version": "1.5.0",
          "state": {
            "_view_name": "StyleView",
            "_model_name": "ProgressStyleModel",
            "description_width": "",
            "_view_module": "@jupyter-widgets/base",
            "_model_module_version": "1.5.0",
            "_view_count": null,
            "_view_module_version": "1.2.0",
            "bar_color": null,
            "_model_module": "@jupyter-widgets/controls"
          }
        },
        "c8bd9e0c10c64cfba4cfc08d08a6dc5f": {
          "model_module": "@jupyter-widgets/base",
          "model_name": "LayoutModel",
          "model_module_version": "1.2.0",
          "state": {
            "_view_name": "LayoutView",
            "grid_template_rows": null,
            "right": null,
            "justify_content": null,
            "_view_module": "@jupyter-widgets/base",
            "overflow": null,
            "_model_module_version": "1.2.0",
            "_view_count": null,
            "flex_flow": null,
            "width": null,
            "min_width": null,
            "border": null,
            "align_items": null,
            "bottom": null,
            "_model_module": "@jupyter-widgets/base",
            "top": null,
            "grid_column": null,
            "overflow_y": null,
            "overflow_x": null,
            "grid_auto_flow": null,
            "grid_area": null,
            "grid_template_columns": null,
            "flex": null,
            "_model_name": "LayoutModel",
            "justify_items": null,
            "grid_row": null,
            "max_height": null,
            "align_content": null,
            "visibility": null,
            "align_self": null,
            "height": null,
            "min_height": null,
            "padding": null,
            "grid_auto_rows": null,
            "grid_gap": null,
            "max_width": null,
            "order": null,
            "_view_module_version": "1.2.0",
            "grid_template_areas": null,
            "object_position": null,
            "object_fit": null,
            "grid_auto_columns": null,
            "margin": null,
            "display": null,
            "left": null
          }
        },
        "149f75d1037345909bebd3c48f3edc63": {
          "model_module": "@jupyter-widgets/controls",
          "model_name": "DescriptionStyleModel",
          "model_module_version": "1.5.0",
          "state": {
            "_view_name": "StyleView",
            "_model_name": "DescriptionStyleModel",
            "description_width": "",
            "_view_module": "@jupyter-widgets/base",
            "_model_module_version": "1.5.0",
            "_view_count": null,
            "_view_module_version": "1.2.0",
            "_model_module": "@jupyter-widgets/controls"
          }
        },
        "768262abdf0a491fac8e35d63957954d": {
          "model_module": "@jupyter-widgets/base",
          "model_name": "LayoutModel",
          "model_module_version": "1.2.0",
          "state": {
            "_view_name": "LayoutView",
            "grid_template_rows": null,
            "right": null,
            "justify_content": null,
            "_view_module": "@jupyter-widgets/base",
            "overflow": null,
            "_model_module_version": "1.2.0",
            "_view_count": null,
            "flex_flow": null,
            "width": null,
            "min_width": null,
            "border": null,
            "align_items": null,
            "bottom": null,
            "_model_module": "@jupyter-widgets/base",
            "top": null,
            "grid_column": null,
            "overflow_y": null,
            "overflow_x": null,
            "grid_auto_flow": null,
            "grid_area": null,
            "grid_template_columns": null,
            "flex": null,
            "_model_name": "LayoutModel",
            "justify_items": null,
            "grid_row": null,
            "max_height": null,
            "align_content": null,
            "visibility": null,
            "align_self": null,
            "height": null,
            "min_height": null,
            "padding": null,
            "grid_auto_rows": null,
            "grid_gap": null,
            "max_width": null,
            "order": null,
            "_view_module_version": "1.2.0",
            "grid_template_areas": null,
            "object_position": null,
            "object_fit": null,
            "grid_auto_columns": null,
            "margin": null,
            "display": null,
            "left": null
          }
        }
      }
    }
  },
  "cells": [
    {
      "cell_type": "markdown",
      "metadata": {
        "id": "M0-skZWIG28h"
      },
      "source": [
        "# LAB 1: ANN and PyTorch"
      ]
    },
    {
      "cell_type": "markdown",
      "metadata": {
        "id": "X6WDvajSqIDs"
      },
      "source": [
        "In this lab, you will start off by constructing a neural networks from scratch to get a stronger understanding of what is required to make neural networks work.\n",
        "\n",
        "Then in the second part of the lab you will train a neural network (using PyTorch) to classify an image into one of two classes: \"car\" or \"truck\". The code for the neural networks \n",
        "you train will be written for you, and you are not (yet!) expected\n",
        "to understand all provided code. However, by the end of the lab,\n",
        "you should be able to:\n",
        "\n",
        "1. Understand at a high level the training loop for a machine learning model.\n",
        "2. Understand the distinction between training, validation, and test data.\n",
        "3. The concepts of overfitting and underfitting.\n",
        "4. Investigate how different hyperparameters, such as learning rate and batch size, affect the success of training.\n",
        "5. Compare an ANN (aka Multi-Layer Perceptron) with a CNN.\n",
        "\n",
        "### What to submit\n",
        "\n",
        "Submit an HTML file containing all your code, outputs, and write-up\n",
        "from parts A and B. You can produce a HTML file directly from Google Colab. The Colab instructions are provided at the end of this document.\n",
        "\n",
        "**Do not submit any other files produced by your code.**\n",
        "\n",
        "Include a link to your colab file in your submission.\n",
        "\n",
        "Please use Google Colab to complete this assignment. If you want to use Jupyter Notebook, please complete the assignment and upload your Jupyter Notebook file to Google Colab for submission. "
      ]
    },
    {
      "cell_type": "markdown",
      "metadata": {
        "id": "LfiFE_WOqIDu"
      },
      "source": [
        "## Colab Link\n",
        "\n",
        "Include a link to your colab file here\n",
        "\n",
        "Colab Link: https://colab.research.google.com/drive/12NDTSyib6CBh4IAqXsstvxlrThPJS5sr#scrollTo=2TrsqdNgS5ex"
      ]
    },
    {
      "cell_type": "markdown",
      "metadata": {
        "id": "NXHk-DgnFpn7"
      },
      "source": [
        "#PART A: Constructing a Neural Network [15 pt]"
      ]
    },
    {
      "cell_type": "markdown",
      "metadata": {
        "id": "5g4umO_YStI4"
      },
      "source": [
        "Before we get into using PyTorch to train our classifier we will go through the process of creating our neural network from scratch. We've seen in the tutorial how to build a 1-layer network, now we'll take it one step further to build a 2-layer network. This is an important exercise that everyone should attempt at least once to understand and truly appreciate the workings of neural networks.\n",
        "\n",
        "## Part 0. Helper Functions\n",
        "\n",
        "To help guide the construction we will use the iris dataset that was introduced in the tutorial. Provided are some helper code to get us started:"
      ]
    },
    {
      "cell_type": "code",
      "metadata": {
        "id": "wwlSwx8Rt-1v",
        "colab": {
          "base_uri": "https://localhost:8080/"
        },
        "outputId": "182c2269-a33c-4401-c4c6-7db43402bf9a"
      },
      "source": [
        "import pandas as pd\n",
        "raw_data = pd.read_csv(\"Iris_3class.csv\", header = None)\n",
        "raw_data.values.shape"
      ],
      "execution_count": null,
      "outputs": [
        {
          "output_type": "execute_result",
          "data": {
            "text/plain": [
              "(150, 5)"
            ]
          },
          "metadata": {},
          "execution_count": 1
        }
      ]
    },
    {
      "cell_type": "code",
      "metadata": {
        "id": "jAzKDXcWuE9k",
        "colab": {
          "base_uri": "https://localhost:8080/"
        },
        "outputId": "b2b2f7e3-adb3-423c-9fd8-733332911709"
      },
      "source": [
        "import numpy as np\n",
        "raw_data = raw_data.values\n",
        "\n",
        "X_train = raw_data[:,:4]\n",
        "y_train = raw_data[:,4:5].astype(int)\n",
        "print(X_train.shape, y_train.shape)\n",
        "print(X_train.dtype, y_train.dtype)"
      ],
      "execution_count": null,
      "outputs": [
        {
          "output_type": "stream",
          "name": "stdout",
          "text": [
            "(150, 4) (150, 1)\n",
            "float64 int64\n"
          ]
        }
      ]
    },
    {
      "cell_type": "markdown",
      "metadata": {
        "id": "SbMT02fLuT-s"
      },
      "source": [
        "Recall that the neural network output consists of several nodes, one for each output class. Since the labels are provided as integers we will need to convert them into one-hot vectors to match the neural network output format."
      ]
    },
    {
      "cell_type": "code",
      "metadata": {
        "id": "fGVZ1NdTua7F"
      },
      "source": [
        "#Convert array to one-hot encoding\n",
        "def to_one_hot(Y):\n",
        "    n_col = np.amax(Y) + 1\n",
        "    binarized = np.zeros((len(Y), n_col))\n",
        "    for i in range(len(Y)):\n",
        "        binarized[i, Y[i]] = 1.\n",
        "    return binarized"
      ],
      "execution_count": null,
      "outputs": []
    },
    {
      "cell_type": "code",
      "metadata": {
        "id": "HqvHk7V0yLyY",
        "colab": {
          "base_uri": "https://localhost:8080/"
        },
        "outputId": "13210552-2e1f-402c-b58e-70d17afb97f7"
      },
      "source": [
        "y_train = to_one_hot(y_train)\n",
        "print(X_train.shape, y_train.shape)\n",
        "print(X_train.dtype, y_train.dtype)"
      ],
      "execution_count": null,
      "outputs": [
        {
          "output_type": "stream",
          "name": "stdout",
          "text": [
            "(150, 4) (150, 3)\n",
            "float64 float64\n"
          ]
        }
      ]
    },
    {
      "cell_type": "code",
      "metadata": {
        "id": "eQfZfIMqyPlT",
        "colab": {
          "base_uri": "https://localhost:8080/"
        },
        "outputId": "ba3e9da2-f4f6-4480-b4ab-9afbe3707949"
      },
      "source": [
        "#verify one-hot encoding\n",
        "y_train[0:5,:]"
      ],
      "execution_count": null,
      "outputs": [
        {
          "output_type": "execute_result",
          "data": {
            "text/plain": [
              "array([[1., 0., 0.],\n",
              "       [1., 0., 0.],\n",
              "       [1., 0., 0.],\n",
              "       [1., 0., 0.],\n",
              "       [1., 0., 0.]])"
            ]
          },
          "metadata": {},
          "execution_count": 5
        }
      ]
    },
    {
      "cell_type": "markdown",
      "metadata": {
        "id": "rxHttgXHt2AM"
      },
      "source": [
        "### Part 1. Develop a 2-layer ANN [5 pt]\n",
        "At its core a 2-layer neural network is just a few lines of code. Most of the complexity comes from setting up the training of the network.\n",
        "\n",
        "Using vectorized form, set up the neural network training to use a cross-entropy loss function and determine the gradients with resepect to the layer 1 and layer 2 weights."
      ]
    },
    {
      "cell_type": "code",
      "metadata": {
        "id": "RZifZzAqGCwt"
      },
      "source": [
        "# write code to create a 2-layer ANN in vectorized form\n",
        "from scipy.special import softmax\n",
        "\n",
        "#define sigmoid\n",
        "def sigmoid(x):\n",
        "    return 1/(1+np.exp(-x))\n",
        "\n",
        "def ann(W, X_train, y_train):\n",
        "\n",
        "  num_hidden = 5\n",
        "  num_features = 4\n",
        "  num_outputs = 3\n",
        "\n",
        "  #Weights\n",
        "  w0 = W[:20].reshape(num_features, num_hidden)\n",
        "  w1 = W[20:].reshape(num_hidden, num_outputs)\n",
        "\n",
        "  #Feed forward\n",
        "  layer0 = X_train\n",
        "  layer1 = sigmoid(np.dot(layer0, w0))\n",
        "  output = softmax(np.dot(layer1, w1), axis=1)\n",
        " \n",
        "  #Back propagation using gradient descent\n",
        "\n",
        "  #cross-entropy loss\n",
        "  error = np.sum(-np.multiply(y_train,np.log(output)))/len(X_train)\n",
        "\n",
        "  #initialize gradients to zero \n",
        "  dw0, dw1 = [0,0]\n",
        "\n",
        "  #calculate partial derivatives\n",
        "  # TO BE COMPLETED\n",
        "\n",
        "  #determine gradients\n",
        "  dw1 += (np.transpose(layer1))@(output-y_train)\n",
        "\n",
        "  step1=output-y_train\n",
        "  step2=np.transpose(w1)\n",
        "  step3=np.matmul(step1,step2)\n",
        "  step4=np.multiply(layer1,(1-layer1))\n",
        "  step5=np.multiply(step3,step4)\n",
        "  step6=np.transpose(X_train)\n",
        "  step7=np.matmul(step6,step5)\n",
        "  dw0 += step7\n",
        "  \n",
        "  #combine gradients into one vector\n",
        "  dW = np.array(list(dw0.flatten()) + list(dw1.flatten()))/len(X_train)\n",
        "\n",
        "  return (error, dW, output)"
      ],
      "execution_count": null,
      "outputs": []
    },
    {
      "cell_type": "code",
      "metadata": {
        "colab": {
          "base_uri": "https://localhost:8080/"
        },
        "id": "t20ON4XaaiYy",
        "outputId": "3dbc96a0-30b5-4652-a00f-52c723a9ad8e"
      },
      "source": [
        "num_hidden = 5\n",
        "num_features = 4\n",
        "num_outputs = 3\n",
        "  \n",
        "#initialize weights\n",
        "w0 = 2*np.random.random((num_features, num_hidden)) - 1\n",
        "w1 = 2*np.random.random((num_hidden, num_outputs)) - 1\n",
        "\n",
        "#combine weights into a single vector\n",
        "W = np.array(list(w0.flatten()) + list(w1.flatten()))\n",
        "\n",
        "ann(W,X_train, y_train)"
      ],
      "execution_count": null,
      "outputs": [
        {
          "output_type": "execute_result",
          "data": {
            "text/plain": [
              "(1.1704441418542955,\n",
              " array([ 1.24643892e-01,  7.38442410e-04,  1.29588107e-01,  8.08780544e-02,\n",
              "         3.21554400e-02,  9.74923468e-02,  5.22552664e-04,  6.52562983e-02,\n",
              "         4.25742993e-02, -6.55054807e-04,  1.24184172e-02,  1.70192528e-04,\n",
              "         1.14687989e-01,  6.20744088e-02,  6.03111091e-02, -3.61240245e-03,\n",
              "         1.44459448e-05,  4.86316561e-02,  2.44363260e-02,  2.42747539e-02,\n",
              "        -2.02360455e-02,  1.21330152e-02,  8.10303026e-03, -6.88080962e-04,\n",
              "         3.82583386e-04,  3.05497577e-04,  6.77734316e-02,  3.48390374e-02,\n",
              "        -1.02612469e-01, -2.55954658e-02,  6.53874847e-02, -3.97920188e-02,\n",
              "         1.29754650e-03,  3.97604028e-03, -5.27358679e-03]),\n",
              " array([[0.29347521, 0.42321087, 0.28331392],\n",
              "        [0.2894042 , 0.4300288 , 0.28056701],\n",
              "        [0.28949704, 0.43215451, 0.27834845],\n",
              "        [0.29101648, 0.43471152, 0.274272  ],\n",
              "        [0.29397859, 0.42424033, 0.28178108],\n",
              "        [0.29893372, 0.41823503, 0.28283125],\n",
              "        [0.29179213, 0.43332799, 0.27487988],\n",
              "        [0.29365014, 0.42534146, 0.2810084 ],\n",
              "        [0.28807346, 0.44022181, 0.27170474],\n",
              "        [0.29152244, 0.428303  , 0.28017457],\n",
              "        [0.29637823, 0.41724024, 0.28638153],\n",
              "        [0.29446195, 0.42886944, 0.27666861],\n",
              "        [0.28941748, 0.43097817, 0.27960435],\n",
              "        [0.28500332, 0.44061203, 0.27438465],\n",
              "        [0.29653439, 0.41167633, 0.29178928],\n",
              "        [0.3007534 , 0.41265027, 0.28659633],\n",
              "        [0.29569417, 0.41890828, 0.28539755],\n",
              "        [0.29336435, 0.42415042, 0.28248523],\n",
              "        [0.29925799, 0.41296288, 0.28777912],\n",
              "        [0.29624121, 0.42243423, 0.28132457],\n",
              "        [0.29631701, 0.41857359, 0.2851094 ],\n",
              "        [0.29545395, 0.42395719, 0.28058887],\n",
              "        [0.28883493, 0.43187396, 0.27929111],\n",
              "        [0.29446979, 0.42731589, 0.27821431],\n",
              "        [0.29755823, 0.42977239, 0.27266938],\n",
              "        [0.29182403, 0.42816698, 0.280009  ],\n",
              "        [0.2942311 , 0.42732833, 0.27844057],\n",
              "        [0.29467707, 0.42142105, 0.28390189],\n",
              "        [0.29297579, 0.42220087, 0.28482334],\n",
              "        [0.29298504, 0.43217156, 0.27484339],\n",
              "        [0.292335  , 0.43107784, 0.27658716],\n",
              "        [0.29429466, 0.42064121, 0.28506414],\n",
              "        [0.29856331, 0.41743352, 0.28400317],\n",
              "        [0.29865396, 0.41407205, 0.28727399],\n",
              "        [0.29152244, 0.428303  , 0.28017457],\n",
              "        [0.28886416, 0.42734401, 0.28379182],\n",
              "        [0.29338321, 0.41739428, 0.28922251],\n",
              "        [0.29152244, 0.428303  , 0.28017457],\n",
              "        [0.28758551, 0.43928828, 0.27312621],\n",
              "        [0.29381437, 0.42365907, 0.28252656],\n",
              "        [0.29213937, 0.42597988, 0.28188075],\n",
              "        [0.2812286 , 0.44507714, 0.27369427],\n",
              "        [0.28919773, 0.43755951, 0.27324275],\n",
              "        [0.29444928, 0.42881742, 0.2767333 ],\n",
              "        [0.29931147, 0.42408619, 0.27660234],\n",
              "        [0.28909625, 0.43268587, 0.27821788],\n",
              "        [0.29737645, 0.42134166, 0.28128189],\n",
              "        [0.29058055, 0.43385801, 0.27556143],\n",
              "        [0.29617127, 0.41877283, 0.2850559 ],\n",
              "        [0.29186807, 0.4261157 , 0.28201623],\n",
              "        [0.29973315, 0.44398826, 0.25627859],\n",
              "        [0.29609664, 0.45782448, 0.24607887],\n",
              "        [0.29643958, 0.4556171 , 0.24794331],\n",
              "        [0.29205721, 0.47403532, 0.23390747],\n",
              "        [0.29472873, 0.46053003, 0.24474124],\n",
              "        [0.29329874, 0.4790232 , 0.22767807],\n",
              "        [0.29340278, 0.46848901, 0.2381082 ],\n",
              "        [0.29416771, 0.46752415, 0.23830814],\n",
              "        [0.29745483, 0.45367593, 0.24886924],\n",
              "        [0.29163329, 0.47870496, 0.22966175],\n",
              "        [0.29278723, 0.47347279, 0.23373998],\n",
              "        [0.29395648, 0.46547496, 0.24056856],\n",
              "        [0.29646963, 0.45536957, 0.2481608 ],\n",
              "        [0.29309375, 0.47412067, 0.23278558],\n",
              "        [0.29596871, 0.45504841, 0.24898288],\n",
              "        [0.29921916, 0.4446633 , 0.25611754],\n",
              "        [0.29091618, 0.48428339, 0.22480043],\n",
              "        [0.29786296, 0.45980878, 0.24232826],\n",
              "        [0.29109449, 0.47143575, 0.23746975],\n",
              "        [0.29560701, 0.46328472, 0.24110828],\n",
              "        [0.28758337, 0.48882041, 0.22359622],\n",
              "        [0.29703182, 0.45170893, 0.25125925],\n",
              "        [0.29058256, 0.4789768 , 0.23044065],\n",
              "        [0.29515168, 0.4714825 , 0.23336582],\n",
              "        [0.29786638, 0.45061412, 0.2515195 ],\n",
              "        [0.29818739, 0.44831395, 0.25349867],\n",
              "        [0.29626128, 0.45605298, 0.24768574],\n",
              "        [0.29206613, 0.46925941, 0.23867446],\n",
              "        [0.29255618, 0.4724839 , 0.23495991],\n",
              "        [0.29762169, 0.44757287, 0.25480544],\n",
              "        [0.29493288, 0.46435885, 0.24070827],\n",
              "        [0.29599935, 0.46015543, 0.24384521],\n",
              "        [0.29625028, 0.45717566, 0.24657406],\n",
              "        [0.28759243, 0.49491017, 0.2174974 ],\n",
              "        [0.29023099, 0.49032246, 0.21944655],\n",
              "        [0.29311257, 0.47086957, 0.23601786],\n",
              "        [0.29648563, 0.45540392, 0.24811045],\n",
              "        [0.2944099 , 0.4613524 , 0.2442377 ],\n",
              "        [0.29490623, 0.46841879, 0.23667498],\n",
              "        [0.29289282, 0.47236286, 0.23474432],\n",
              "        [0.29387134, 0.48161069, 0.22451797],\n",
              "        [0.29394932, 0.47018198, 0.2358687 ],\n",
              "        [0.29557687, 0.46080797, 0.24361516],\n",
              "        [0.29381047, 0.46556944, 0.2406201 ],\n",
              "        [0.29353075, 0.47365925, 0.23280999],\n",
              "        [0.29612276, 0.4666776 , 0.23719963],\n",
              "        [0.29463486, 0.46909341, 0.23627172],\n",
              "        [0.29670364, 0.45673182, 0.24656454],\n",
              "        [0.29362143, 0.45541859, 0.25095998],\n",
              "        [0.29461299, 0.46682867, 0.23855835],\n",
              "        [0.27214375, 0.52852065, 0.1993356 ],\n",
              "        [0.28270715, 0.50646477, 0.21082808],\n",
              "        [0.28280891, 0.49482777, 0.22236331],\n",
              "        [0.28371053, 0.50440853, 0.21188094],\n",
              "        [0.27825507, 0.51200656, 0.20973836],\n",
              "        [0.27962518, 0.50361321, 0.21676161],\n",
              "        [0.28532582, 0.51148259, 0.20319159],\n",
              "        [0.28352359, 0.4979411 , 0.21853531],\n",
              "        [0.28340963, 0.50136619, 0.21522419],\n",
              "        [0.27900064, 0.5025612 , 0.21843816],\n",
              "        [0.28734918, 0.48311839, 0.22953243],\n",
              "        [0.28450868, 0.4946708 , 0.22082052],\n",
              "        [0.28438681, 0.49034865, 0.22526454],\n",
              "        [0.28099274, 0.50940683, 0.20960042],\n",
              "        [0.27653908, 0.51528656, 0.20817436],\n",
              "        [0.28152948, 0.49878074, 0.21968978],\n",
              "        [0.28550024, 0.49469494, 0.21980482],\n",
              "        [0.27984177, 0.50180792, 0.2183503 ],\n",
              "        [0.27475745, 0.51565958, 0.20958297],\n",
              "        [0.28812513, 0.49335123, 0.21852364],\n",
              "        [0.28172854, 0.49656056, 0.22171089],\n",
              "        [0.28176851, 0.50754076, 0.21069072],\n",
              "        [0.28005006, 0.50340112, 0.21654882],\n",
              "        [0.28799802, 0.48255711, 0.22944487],\n",
              "        [0.28231601, 0.49903345, 0.21865054],\n",
              "        [0.28617723, 0.4889126 , 0.22491018],\n",
              "        [0.28837793, 0.48174018, 0.22988189],\n",
              "        [0.28756371, 0.48704774, 0.22538855],\n",
              "        [0.28007126, 0.50766417, 0.21226457],\n",
              "        [0.28962778, 0.47975329, 0.23061893],\n",
              "        [0.28467404, 0.49019011, 0.22513585],\n",
              "        [0.28723322, 0.48058076, 0.23218602],\n",
              "        [0.27885664, 0.50952127, 0.2116221 ],\n",
              "        [0.29032555, 0.48344896, 0.2262255 ],\n",
              "        [0.28943564, 0.50328086, 0.2072835 ],\n",
              "        [0.28431251, 0.4854646 , 0.2302229 ],\n",
              "        [0.27705757, 0.5132565 , 0.20968593],\n",
              "        [0.28515862, 0.49719731, 0.21764407],\n",
              "        [0.28765037, 0.48688972, 0.22545991],\n",
              "        [0.28660435, 0.4827768 , 0.23061885],\n",
              "        [0.27975903, 0.50190993, 0.21833103],\n",
              "        [0.28823559, 0.47520333, 0.23656108],\n",
              "        [0.28270715, 0.50646477, 0.21082808],\n",
              "        [0.27871642, 0.50696109, 0.21432248],\n",
              "        [0.27816731, 0.50616872, 0.21566397],\n",
              "        [0.28480896, 0.48625661, 0.22893443],\n",
              "        [0.28555405, 0.48901148, 0.22543447],\n",
              "        [0.28582199, 0.48788174, 0.22629627],\n",
              "        [0.27935673, 0.50770121, 0.21294206],\n",
              "        [0.28511693, 0.49988369, 0.21499938]]))"
            ]
          },
          "metadata": {},
          "execution_count": 8
        }
      ]
    },
    {
      "cell_type": "markdown",
      "metadata": {
        "id": "4IGs9qYI38-8"
      },
      "source": [
        "### Part 2. Train your neural network. How well does your network work on the iris dataset? [5 pt]"
      ]
    },
    {
      "cell_type": "code",
      "metadata": {
        "id": "KUJtiU_S38_G"
      },
      "source": [
        "num_hidden = 5\n",
        "num_features = 4\n",
        "num_outputs = 3\n",
        "  \n",
        "#initialize weights\n",
        "w0 = 2*np.random.random((num_features, num_hidden)) - 1\n",
        "w1 = 2*np.random.random((num_hidden, num_outputs)) - 1\n",
        "\n",
        "#combine weights into a single vector\n",
        "W = np.array(list(w0.flatten()) + list(w1.flatten()))\n",
        "\n",
        "#train network\n",
        "n = 0.001 #if we decrease this step size, we could get a lower error\n",
        "iterations = 100000\n",
        "errors = []\n",
        "for i in range(iterations):\n",
        "  (error, dW, y_pred) = ann(W, X_train, y_train)\n",
        "  W += -dW * n\n",
        "  errors.append(error)\n"
      ],
      "execution_count": null,
      "outputs": []
    },
    {
      "cell_type": "code",
      "metadata": {
        "id": "OUJconDT4IQ_",
        "colab": {
          "base_uri": "https://localhost:8080/"
        },
        "outputId": "0bfed235-6812-4c44-f59e-77f39def9a1d"
      },
      "source": [
        "#examine predictions on training data\n",
        "np.round(y_pred, 1)"
      ],
      "execution_count": null,
      "outputs": [
        {
          "output_type": "execute_result",
          "data": {
            "text/plain": [
              "array([[0.9, 0.1, 0. ],\n",
              "       [0.9, 0.1, 0. ],\n",
              "       [0.9, 0.1, 0. ],\n",
              "       [0.9, 0.1, 0. ],\n",
              "       [0.9, 0.1, 0. ],\n",
              "       [0.9, 0.1, 0. ],\n",
              "       [0.9, 0.1, 0. ],\n",
              "       [0.9, 0.1, 0. ],\n",
              "       [0.9, 0.1, 0. ],\n",
              "       [0.9, 0.1, 0. ],\n",
              "       [0.9, 0.1, 0. ],\n",
              "       [0.9, 0.1, 0. ],\n",
              "       [0.9, 0.1, 0. ],\n",
              "       [0.9, 0.1, 0. ],\n",
              "       [0.9, 0.1, 0. ],\n",
              "       [0.9, 0.1, 0. ],\n",
              "       [0.9, 0.1, 0. ],\n",
              "       [0.9, 0.1, 0. ],\n",
              "       [0.9, 0.1, 0. ],\n",
              "       [0.9, 0.1, 0. ],\n",
              "       [0.9, 0.1, 0. ],\n",
              "       [0.9, 0.1, 0. ],\n",
              "       [0.9, 0.1, 0. ],\n",
              "       [0.9, 0.1, 0. ],\n",
              "       [0.9, 0.1, 0. ],\n",
              "       [0.9, 0.1, 0. ],\n",
              "       [0.9, 0.1, 0. ],\n",
              "       [0.9, 0.1, 0. ],\n",
              "       [0.9, 0.1, 0. ],\n",
              "       [0.9, 0.1, 0. ],\n",
              "       [0.9, 0.1, 0. ],\n",
              "       [0.9, 0.1, 0. ],\n",
              "       [0.9, 0.1, 0. ],\n",
              "       [0.9, 0.1, 0. ],\n",
              "       [0.9, 0.1, 0. ],\n",
              "       [0.9, 0.1, 0. ],\n",
              "       [0.9, 0.1, 0. ],\n",
              "       [0.9, 0.1, 0. ],\n",
              "       [0.9, 0.1, 0. ],\n",
              "       [0.9, 0.1, 0. ],\n",
              "       [0.9, 0.1, 0. ],\n",
              "       [0.9, 0.1, 0. ],\n",
              "       [0.9, 0.1, 0. ],\n",
              "       [0.9, 0.1, 0. ],\n",
              "       [0.9, 0.1, 0. ],\n",
              "       [0.9, 0.1, 0. ],\n",
              "       [0.9, 0.1, 0. ],\n",
              "       [0.9, 0.1, 0. ],\n",
              "       [0.9, 0.1, 0. ],\n",
              "       [0.9, 0.1, 0. ],\n",
              "       [0.1, 0.9, 0.1],\n",
              "       [0.1, 0.8, 0.1],\n",
              "       [0. , 0.8, 0.2],\n",
              "       [0. , 0.7, 0.3],\n",
              "       [0. , 0.8, 0.2],\n",
              "       [0. , 0.7, 0.3],\n",
              "       [0. , 0.8, 0.2],\n",
              "       [0.1, 0.8, 0.1],\n",
              "       [0. , 0.8, 0.1],\n",
              "       [0. , 0.7, 0.2],\n",
              "       [0. , 0.8, 0.2],\n",
              "       [0. , 0.8, 0.1],\n",
              "       [0. , 0.8, 0.1],\n",
              "       [0. , 0.7, 0.3],\n",
              "       [0.1, 0.8, 0. ],\n",
              "       [0.1, 0.9, 0.1],\n",
              "       [0. , 0.6, 0.4],\n",
              "       [0.1, 0.9, 0.1],\n",
              "       [0. , 0.5, 0.5],\n",
              "       [0.1, 0.8, 0.1],\n",
              "       [0. , 0.5, 0.5],\n",
              "       [0.1, 0.9, 0.1],\n",
              "       [0. , 0.4, 0.6],\n",
              "       [0. , 0.7, 0.3],\n",
              "       [0.1, 0.9, 0.1],\n",
              "       [0.1, 0.9, 0.1],\n",
              "       [0. , 0.8, 0.2],\n",
              "       [0. , 0.6, 0.4],\n",
              "       [0. , 0.7, 0.3],\n",
              "       [0.2, 0.8, 0. ],\n",
              "       [0.1, 0.8, 0.1],\n",
              "       [0.1, 0.8, 0.1],\n",
              "       [0.1, 0.9, 0.1],\n",
              "       [0. , 0.3, 0.7],\n",
              "       [0. , 0.6, 0.4],\n",
              "       [0. , 0.8, 0.1],\n",
              "       [0. , 0.8, 0.1],\n",
              "       [0. , 0.7, 0.3],\n",
              "       [0.1, 0.8, 0.1],\n",
              "       [0. , 0.7, 0.2],\n",
              "       [0. , 0.6, 0.4],\n",
              "       [0. , 0.8, 0.2],\n",
              "       [0.1, 0.8, 0.1],\n",
              "       [0.1, 0.8, 0.1],\n",
              "       [0. , 0.7, 0.2],\n",
              "       [0.1, 0.8, 0.1],\n",
              "       [0. , 0.8, 0.1],\n",
              "       [0.1, 0.8, 0.1],\n",
              "       [0.2, 0.7, 0. ],\n",
              "       [0. , 0.8, 0.1],\n",
              "       [0. , 0.1, 0.9],\n",
              "       [0. , 0.2, 0.8],\n",
              "       [0. , 0.2, 0.8],\n",
              "       [0. , 0.2, 0.8],\n",
              "       [0. , 0.1, 0.9],\n",
